97985,50331
97985,51551
98098,51551
98098,52782
98273,52782
98273,53962
97683,53962
97683,55178
97657,55178
97657,56384
97510,56384
97510,57590
97360,57590
97360,58841
97443,58841
97443,60041
97206,60041
97206,61085
96316,61085
96316,62442
96723,62442
96723,63511
96016,63511
96016,64700
95746,64700
95746,65835
95304,65835
95304,67049
95078,67049
95078,68127
94487,68127
94487,69102
93680,69102
93680,70479
93774,70479
93774,71247
92569,71247
92569,72361
92097,72361
92097,73803
92197,73803
92197,74438
90867,74438
90867,75916
90947,75916
90947,76807
90071,76807
90071,77763
89308,77763
89308,78706
88532,78706
88532,79768
87914,79768
87914,80719
87147,80719
87147,81347
86009,81347
86009,82131
85074,82131
85074,83509
84768,83509
84768,83876
83411,83876
83411,85066
82875,85066
82875,85608
81727,85608
81727,86332
80757,86332
80757,87270
79964,87270
79964,88319
79240,88319
79240,89038
78254,89038
78254,89945
77395,89945
77395,89940
75929,89940
75929,91182
75276,91182
75276,91122
73826,91122
73826,92284
73089,92284
73089,93082
72127,93082
72127,92924
70689,92924
70689,93673
69702,93673
69702,93827
68450,93827
68450,94580
67451,94580
67451,94867
66265,94867
66265,95451
65186,95451
65186,95999
64084,95999
64084,96375
62924,96375
62924,96465
61689,96465
61689,96433
60438,96433
60438,97388
59398,97388
59398,97622
58196,97622
58196,97130
56887,97130
56887,97982
55774,97982
55774,97746
54522,97746
54522,97830
53310,97830
53310,97479
52079,97479
52079,98199
50888,98199
50888,98088
49668,98088
49668,97727
48460,97727
48460,97825
47243,97825
47243,97762
46031,97762
46031,97540
44834,97540
44834,97444
43624,97444
43624,97115
42449,97115
42449,97356
41174,97356
41174,97013
39999,97013
39999,96422
38889,96422
38889,96562
37600,96562
37600,95754
36565,95754
36565,95538
35366,95538
35366,95283
34171,95283
34171,94590
33134,94590
33134,94113
32025,94113
32025,93542
30957,93542
30957,93052
29857,93052
29857,93303
28386,93303
28386,91992
27694,91992
27694,91666
26495,91666
26495,91480
25194,91480
25194,90486
24374,90486
24374,90106
23169,90106
23169,89267
22264,89267
22264,88144
21583,88144
21583,87848
20283,87848
20283,87048
19362,87048
19362,86270
18425,86270
18425,85571
17413,85571
17413,84715
16541,84715
16541,83890
15638,83890
15638,83118
14674,83118
14674,81713
14407,81713
14407,81186
13160,81186
13160,80164
12480,80164
12480,79014
11977,79014
11977,78284
10919,78284
10919,77077
10518,77077
10518,76216
9616,76216
9616,75269
8829,75269
8829,74296
8067,74296
8067,72849
8154,72849
8154,72040
7085,72040
7085,70828
6787,70828
6787,69545
6675,69545
6675,68743
5477,68743
5477,67450
5424,67450
5424,66444
4640,66444
4640,65072
4890,65072
4890,63945
4454,63945
4454,62761
4206,62761
4206,61689
3534,61689
3534,60446
3527,60446
3527,59302
3095,59302
3095,58206
2323,58206
2323,56908
2728,56908
2728,55772
2038,55772
2038,54529
2183,54529
2183,53315
2102,53315
2102,52102
2008,52102
2008,50880
2240,50880
2240,50308
94703,50308
94703,48457
2176,48457
2176,47245
2213,47245
2213,46031
2244,46031
2244,44809
2237,44809
2237,43561
2087,43561
2087,42462
2967,42462
2967,41123
2367,41123
2367,39980
2895,39980
2895,38739
2952,38739
2952,37578
3354,37578
3354,36371
3584,36371
3584,35247
4092,35247
4092,34094
4496,34094
4496,33155
5465,33155
5465,31739
5185,31739
5185,30953
6447,30953
6447,29771
6762,29771
6762,28519
6962,28519
6962,27373
7401,27373
7401,26191
7794,26191
7794,25243
8600,25243
8600,24546
9784,24546
9784,23479
10357,23479
10357,22094
10490,22094
10490,21622
11908,21622
11908,20424
12331,20424
12331,19372
12963,19372
12963,18242
13519,18242
13519,17688
14728,17688
14728,16987
15746,16987
15746,16100
16564,16100
16564,15164
17341,15164
17341,14406
18285,14406
18285,13089
18753,13089
18753,12771
20069,12771
20069,11594
20693,11594
20693,11130
21868,11130
21868,10165
22680,10165
22680,9796
23899,9796
23899,9456
25116,9456
25116,8451
25926,8451
25926,8089
27114,8089
27114,7472
28157,7472
28157,6932
29241,6932
29241,6574
30408,6574
30408,5722
31359,5722
31359,5013
32389,5013
32389,4664
33564,4664
33564,4189
34693,4189
34693,3737
35834,3737
35834,3378
37007,3378
37007,3667
38344,3667
38344,3086
39454,3086
39454,2663
40612,2663
40612,3127
41932,3127
41932,2700
43087,2700
43087,2788
44317,2788
44317,2678
45517,2678
45517,1812
46664,1812
46664,2478
47918,2478
47918,1735
49110,1735
49110,2113
50330,2113
50330,1642
51559,1642
51559,2326
52747,2326
52747,2347
53959,2347
53959,1910
55225,1910
55225,2537
56377,2537
56377,2633
57591,2633
57591,3235
58715,3235
58715,2791
60041,2791
60041,3539
61119,3539
61119,3403
62408,3403
62408,3813
63561,3813
63561,4751
64540,4751
64540,5002
65728,5002
65728,5010
67016,5010
67016,5699
68051,5699
68051,5632
69403,5632
69403,6576
70316,6576
70316,7145
71389,7145
71389,7629
72505,7629
72505,7972
73707,7972
73707,8491
74821,8491
74821,9790
75449,9790
75449,9921
76812,9921
76812,10937
77590,10937
77590,11670
78555,11670
78555,12398
79522,12398
79522,13265
80377,13265
80377,13897
81428,13897
81428,14868
82182,14868
82182,15719
83039,15719
83039,16467
83998,16467
83998,17239
84943,17239
84943,17929
85992,17929
85992,18772
86887,18772
86887,19991
87326,19991
87326,20708
88386,20708
88386,21894
88833,21894
88833,22804
89653,22804
89653,23740
90449,23740
90449,24861
90957,24861
90957,25881
91625,25881
91625,27144
91855,27144
91855,28182
92478,28182
92478,29132
93294,29132
93294,30058
94202,30058
94202,31483
93984,31483
93984,32627
94377,32627
94377,33690
94988,33690
94988,34732
95694,34732
95694,35851
96207,35851
96207,37004
96629,37004
96629,38236
96759,38236
96759,39538
96536,39538
96536,40687
96956,40687
96956,41845
97378,41845
97378,43036
97648,43036
97648,44233
97916,44233
97916,45488
97629,45488
97629,46695
97741,46695
97741,47915
97581,47915
97581,49117
97886,49117
97886,50331
